00000000000000000000000000000000000000000000000000
00000000000000000000000000000000000000000000000000
00000000000000000000000000000000000000000000000000
00000000000000000000000000000000000000000000000000
00000000000000000000000000000000000000000000000000
00000000000000000000000000000000000000000000000000
00000000000000000000000000000000000000000000000000
00000000000000000000000011111000000000000000000000
00000000000000000000000100000100000000000000000000
00000000000000000000001001110010000000000000000000
00000000000000000000010010001001000000000000000000
00000000000000000001010100100100000000000000000000
00000000000000000001010101010100000000000000000000
00000000000000000001010010040100000000000000000000
00000000000000000001001000100100000000000000000000
00000000000000000000100117006000000000000000000000
00000000000000000000010000010000000000000000000000
00000000000000000000001111100000000000000000000000
00000000000000000000000000000000000000000000000000
00000000000000000000000000000000000000000000000000
00000000000000000000000000000000000000000000000000
00000000000000000000000000000000000000000000000000
00000000000000000000000000000000000000000000000000
00000000000000000000000000000000000000000000000000
00000000000000000000000000000000000000000000000000
2560
9400
10
-8